1261385122
60039488
5833229954
5042616408
1701376944
527584644
1166152189
5154572691
1284350398
625498691
446734306
988516961
1796242726
783672322
580794936
1827726875
5685984212
55108425
2787220
5713170847
1142528413
751351570
495300266
5690422882
1729269996
2077274360
828278730
1097735696
5830236254
550013657
1720283915
1869355733
227772036
259492156
1648680793
1008976645
5436970382
1081767138
1072841383
250632467
1278397002
5038514908
5868869249
276733544
5594192231
5732477391
1385066829
5582438098
241863593
5561146887
880383255
5503842239
5796440173
5580554548
5160739786
339200705
584371178